    % For dC21 and dS21
    % The coefficients we choose are in-phase(ip) amplitudes and out-of-phase amplitudes of the
    % corrections for frequency dependence, and multipliers of the Delaunay variables
    % Refer to Table 6.5a in IERS2010
    coeff0 = [...
        %  l   l'  F   D   Om  Amp(R) Amp(I)
        2,  0,  2,  0,  2,  -0.1,    0;
        0,  0,  2,  2,  2,  -0.1,    0;
        1,  0,  2,  0,  1,  -0.1,    0;
        1,  0,  2,  0,  2,  -0.7,    0.1;
        -1,  0,  2,  2,  2,  -0.1,    0;
        0,  0,  2,  0,  1,  -1.3,    0.1;
        0,  0,  2,  0,  2,  -6.8,    0.6;
        0,  0,  0,  2,  0,   0.1,    0;
        1,  0,  2, -2,  2,   0.1,    0;
        -1,  0,  2,  0,  1,   0.1,    0;
        -1,  0,  2,  0,  2,   0.4,    0;
        1,  0,  0,  0,  0,   1.3,   -0.1;
        1,  0,  0,  0,  1,   0.3,    0;
        -1,  0,  0,  2,  0,   0.3,    0;
        -1,  0,  0,  2,  1,   0.1,    0;
        0,  1,  2, -2,  2,  -1.9,    0.1;
        0,  0,  2, -2,  1,   0.5,    0;
        0,  0,  2, -2,  2,  -43.4,   2.9;
        0, -1,  2, -2,  2,   0.6,    0;
        0,  1,  0,  0,  0,   1.6,   -0.1;
        -2,  0,  2,  0,  1,   0.1,    0;
        0,  0,  0,  0, -2,   0.1,    0;
        0,  0,  0,  0, -1,  -8.8,    0.5;
        0,  0,  0,  0,  0,   470.9, -30.2;
        0,  0,  0,  0,  1,   68.1,  -4.6;
        0,  0,  0,  0,  2,  -1.6,    0.1;
        -1,  0,  0,  1,  0,   0.1,    0;
        0, -1,  0,  0, -1,  -0.1,    0;
        0, -1,  0,  0,  0,  -20.6,  -0.3;
        0,  1, -2,  2, -2,   0.3,    0;
        0, -1,  0,  0,  1,  -0.3,    0;
        -2,  0,  0,  2,  0,  -0.2,    0;
        -2,  0,  0,  2,  1,  -0.1,    0;
        0,  0, -2,  2, -2,  -5.0,    0.3;
        0,  0, -2,  2, -1,   0.2,    0;
        0, -1, -2,  2, -2,  -0.2,    0;
        1,  0,  0, -2,  0,  -0.5,    0;
        1,  0,  0, -2,  1,  -0.1,    0;
        -1,  0,  0,  0, -1,   0.1,    0;
        -1,  0,  0,  0,  0,  -2.1,    0.1;
        -1,  0,  0,  0,  1,  -0.4,    0;
        0,  0,  0, -2,  0,  -0.2,    0;
        -2,  0,  0,  0,  0,  -0.1,    0;
        0,  0, -2,  0, -2,  -0.6,    0;
        0,  0, -2,  0, -1,  -0.4,    0;
        0,  0, -2,  0,  0,  -0.1,    0;
        -1,  0, -2,  0, -2,  -0.1,    0;
        -1,  0, -2,  0, -1,  -0.1,    0;
        ];
    % For dC20
    % The nominal value k20 for the zonal tides is taken as 0.30190
    % Refer to Table 6.5b in IERS2010
    coeff1 = [...
        % l   l'  F   D   Om  Amp(R)  Amp(I)
        0,  0,  0,  0,  1,  16.6,   -6.7;
        0,  0,  0,  0,  2,  -0.1,    0.1;
        0, -1,  0,  0,  0,  -1.2,    0.8;
        0,  0, -2,  2, -2,  -5.5,    4.3;
        0,  0, -2,  2, -1,   0.1,   -0.1;
        0, -1, -2,  2, -2,  -0.3,    0.2;
        1,  0,  0, -2,  0,  -0.3,    0.7;
        -1,  0,  0,  0, -1,   0.1,   -0.2;
        -1,  0,  0,  0,  0,  -1.2,    3.7;
        -1,  0,  0,  0,  1,   0.1,   -0.2;
        1,  0, -2,  0, -2,   0.1,   -0.2;
        0,  0,  0, -2,  0,   0.0,    0.6;
        -2,  0,  0,  0,  0,   0.0,    0.3;
        0,  0, -2,  0, -2,   0.6,    6.3;
        0,  0, -2,  0, -1,   0.2,    2.6;
        0,  0, -2,  0,  0,   0.0,    0.2;
        1,  0, -2, -2, -2,   0.1,    0.2;
        -1,  0, -2,  0, -2,   0.4,    1.1;
        -1,  0, -2,  0, -1,   0.2,    0.5;
        0,  0, -2, -2, -2,   0.1,    0.2;
        -2,  0, -2,  0, -2,   0.1,    0.1;
        ];
    % For dC22 and dS22
    % Refer to Table 6.5c in IERS2010
    coeff2 = [...
        % l  l' F  D  Om   Amp
        1, 0, 2, 0, 2,  -0.3;
        0, 0, 2, 0, 2,  -1.2;
        ];